#Data source:http://mizar.voksenlia.net/Variable/Redukvis/S-vul/
#JD    MAG
2438295.4	10.1
2438298.5	8.9
2438299.4	10.2
2438344.3	9.9
2438372.3	9.6
2438376.3	9.5
2438386.2	9.2
2438390.3	9.3
2438395.7	9.4
2438400.3	9.3
2438402.2	9.3
2438410.3	9.4
2438615.5	9.3
2438621.5	9.5
2438622.5	9.5
2438624.5	9.7
2438628.5	9.9
2438629.4	9.9
2438651.3	9.0
2438671.5	9.1
2438672.4	9.2
2438673.3	9.2
2438694.2	9.8
2438739.2	9.2
2438762.2	9.8
2438825.5	9.4
2438840.6	9.5
2438881.5	9.3
2438974.5	9.6
2438977.5	9.9
2438979.5	9.6
2438993.4	9.1
2439042.4	9.9
2439065.3	9.1
2439078.5	9.2
2439108.3	9.4
2439168.7	9.4
2439227.5	9.3
2439228.5	9.1
2439324.5	9.3
2439327.5	9.3
2439353.4	9.1
2439355.5	9.2
2439356.5	9.3
2439358.4	9.2
2439364.4	9.3
2439366.4	9.3
2439372.5	9.3
2439385.5	9.5
2439393.4	9.3
2439408.3	8.9
2439441.3	9.4
2439448.3	9.3
2439449.3	9.4
2439479.2	8.8
2439494.2	9.2
2439496.2	9.2
2439498.2	9.3
2439499.2	9.3
2439504.3	9.5
2439532.2	9.3
2439560.6	8.9
2439568.6	9.3
2439569.5	9.3
2439571.5	9.3
2439581.6	9.3
2439582.5	9.3
2439609.5	8.7
2439610.5	8.7
2439616.4	9.0
2439717.5	9.5
2439721.4	9.3
2439723.4	9.3
2439729.4	9.4
2439730.4	9.3
2439735.4	9.1
2439740.4	9.1
2439741.5	9.1
2439743.4	9.2
2439757.3	9.2
2439763.3	9.1
2439771.4	9.3
2439772.3	9.3
2439807.3	9.0
2439826.2	8.9
2439828.4	9.1
2439841.3	9.4
2439842.3	9.3
2439851.2	9.4
2439864.2	9.4
2439865.3	9.4
2439866.2	9.3
2439884.3	9.0
2439924.6	9.4
2439963.5	8.8
2439968.4	8.8
2439974.5	9.1
2439989.5	10.0
2440003.5	9.5
2440008.5	9.3
2440009.5	9.1
2440291.7	9.1
2440298.6	9.1
2440300.5	9.3
2440307.5	9.4
2440318.5	9.5
2440323.5	9.5
2440466.4	9.6
2440468.4	9.6
2440481.4	9.2
2440521.3	9.4
2440531.3	9.5
2440540.3	9.3
2440555.3	9.1
2440559.3	9.1
2440589.3	9.5
2440615.2	8.9
2440631.7	9.1
2440644.6	9.4
2440645.6	9.3
2440663.5	9.5
2440670.5	9.5
2440674.5	9.5
2440679.5	9.4
2440686.5	9.3
2440690.5	9.2
2440691.5	9.3
2440712.5	9.3
2440713.5	9.3
2440717.5	9.3
2440809.5	9.2
2440821.4	9.1
2440824.4	9.3
2440831.5	8.8
2440841.4	8.8
2440845.4	9.0
2440849.4	9.1
2440851.4	9.2
2440852.4	9.2
2440856.4	9.3
2440869.4	9.3
2440885.4	9.1
2440887.4	8.8
2440892.5	8.7
2440895.3	8.9
2440898.2	8.9
2440901.4	9.0
2440924.4	9.3
2440926.3	9.3
2440950.2	9.3
2440951.2	9.1
2440957.3	9.1
2440964.3	9.1
2440972.7	9.2
2440984.3	9.2
2440987.7	9.3
2441033.5	9.1
2441038.6	9.1
2441053.5	9.2
2441172.5	9.1
2441182.5	9.4
2441187.4	9.4
2441297.3	9.2
2441298.2	9.2
2441299.3	9.1
2441308.3	8.9
2441310.2	8.8
2441313.3	8.9
2441317.2	9.1
2441321.3	9.2
2441345.2	9.3
2441371.7	9.1
2441541.5	9.5
2441545.5	9.4
2441549.5	9.5
2441551.4	9.7
2441555.4	9.7
2441558.4	9.4
2441573.5	8.7
2441603.3	9.4
2441625.3	9.4
2441632.3	9.2
2441634.3	9.1
2441637.2	8.9
2441640.2	8.9
2441664.2	9.4
2441681.3	9.5
2441682.2	9.5
2441687.3	9.7
2441689.2	9.5
2441693.2	9.4
2441694.2	9.3
2441701.2	9.1
2441719.2	9.1
2441720.7	9.2
2441722.7	9.2
2441739.7	9.4
2441740.7	9.4
2441747.6	9.6
2441750.6	9.6
2441752.5	9.7
2441756.6	9.7
2441779.5	9.1
2441786.5	9.4
2441802.5	9.4
2441807.5	9.4
2441920.5	8.8
2441922.5	9.1
2441926.4	9.1
2441959.3	9.4
2442001.4	9.3
2442006.2	9.4
2442007.2	9.4
2442010.3	9.4
2442012.3	9.4
2442014.2	9.4
2442017.2	9.5
2442020.2	9.4
2442025.2	9.5
2442028.2	9.4
2442032.2	9.4
2442034.2	9.3
2442045.2	9.0
2442047.2	8.7
2442065.2	9.2
2442068.2	9.1
2442070.2	9.2
2442072.2	9.3
2442097.7	9.4
2442117.7	8.7
2442118.7	8.7
2442130.6	9.4
2442143.6	9.4
2442145.6	9.4
2442149.5	9.5
2442151.5	9.4
2442176.5	9.1
2442178.5	9.2
2442271.5	9.3
2442276.4	9.4
2442277.5	9.3
2442279.5	9.4
2442296.4	9.4
2442300.4	9.3
2442303.4	9.2
2442309.4	9.1
2442311.4	8.8
2442334.3	9.3
2442345.3	9.4
2442350.3	9.4
2442351.3	9.4
2442354.4	9.4
2442355.2	9.4
2442356.2	9.4
2442362.4	9.4
2442365.3	9.4
2442369.2	9.3
2442370.3	9.2
2442374.2	9.1
2442385.2	8.8
2442389.2	8.7
2442391.2	8.7
2442393.3	8.8
2442394.2	8.9
2442397.2	9.0
2442409.2	9.2
2442415.2	9.3
2442416.2	9.4
2442419.2	9.4
2442421.2	9.4
2442426.2	9.4
2442432.2	9.3
2442456.7	9.2
2442457.7	9.1
2442483.7	9.4
2442485.7	9.4
2442491.6	9.5
2442503.6	9.3
2442508.6	9.2
2442516.6	9.0
2442520.6	8.9
2442533.5	9.2
2442537.5	9.2
2442540.5	9.3
2442622.5	9.3
2442625.5	9.4
2442629.5	9.4
2442632.5	9.2
2442650.4	8.7
2442652.4	8.8
2442657.4	8.8
2442663.4	8.9
2442666.4	9.2
2442672.3	9.3
2442682.3	9.4
2442684.3	9.3
2442687.3	9.4
2442691.3	9.4
2442694.3	9.5
2442697.3	9.7
2442703.3	9.4
2442708.3	9.2
2442720.4	8.8
2442723.2	8.8
2442724.3	8.8
2442737.2	9.1
2442738.2	9.2
2442750.2	9.3
2442751.2	9.4
2442754.2	9.3
2442756.2	9.3
2442763.2	9.4
2442768.2	9.4
2442776.2	9.0
2442783.2	8.8
2442786.2	8.8
2442789.2	8.8
2442798.2	8.7
2442801.2	8.8
2442834.7	9.9
2442839.7	9.2
2442841.7	9.4
2442853.6	9.0
2442856.6	8.8
2442861.6	9.0
2442868.6	9.2
2442884.6	9.3
2442886.6	9.2
2442896.5	9.5
2442899.5	9.6
2442913.5	9.2
2442915.5	9.1
2442637.5	9.2
2442987.5	8.8
2442995.5	8.8
2442998.5	8.9
2443007.5	9.3
2443013.5	9.4
2443018.4	9.3
2443023.4	9.4
2443032.5	9.4
2443038.5	9.3
2443042.4	9.4
2443044.3	9.2
2443048.4	9.0
2443059.4	9.1
2443060.3	9.0
2443078.3	9.2
2443095.2	9.4
2443100.2	9.4
2443104.2	9.4
2443107.2	9.4
2443110.2	9.4
2443113.2	9.3
2443115.2	9.1
2443126.3	8.8
2443127.2	8.8
2443135.2	8.7
2443136.3	9.0
2443141.2	8.8
2443150.2	8.9
2443173.2	9.4
2443185.7	9.2
2443196.7	8.8
2443198.7	8.9
2443199.7	8.9
2443204.7	8.9
2443225.6	9.3
2443226.6	9.4
2443228.6	9.4
2443231.6	9.4
2443243.6	9.5
2443248.6	9.2
2443249.6	9.4
2443252.6	9.3
2443269.5	9.2
2443270.5	9.4
2443273.5	9.2
2443278.5	9.3
2443354.5	9.4
2443360.5	9.4
2443363.5	9.4
2443367.5	9.4
2443371.4	9.5
2443380.4	9.4
2443390.4	9.1
2443392.4	9.1
2443399.4	8.8
2443403.4	9.0
2443407.4	9.1
2443410.4	9.1
2443422.4	9.4
2443423.3	9.2
2443428.3	9.3
2443443.2	9.4
2443445.4	9.5
2443449.3	9.4
2443452.3	9.4
2443457.3	9.2
2443465.2	8.8
2443469.3	8.8
2443476.2	9.1
2443480.2	9.1
2443483.2	9.2
2443492.3	9.1
2443493.2	9.2
2443508.2	9.4
2443512.2	9.4
2443515.2	9.4
2443520.2	9.4
2443554.7	9.3
2443573.7	9.5
2443578.7	9.4
2443586.6	9.4
2443603.6	8.9
2443606.6	9.1
2443613.6	9.0
2443625.5	9.1
2443631.5	9.3
2443719.5	9.5
2443721.5	9.4
2443728.5	9.3
2443729.5	9.3
2443733.5	9.1
2443738.4	8.9
2443744.4	8.8
2443746.4	8.8
2443750.4	9.0
2443753.6	8.9
2443762.4	9.1
2443764.4	9.2
2443770.4	9.4
2443772.3	9.4
2443776.4	9.4
2443780.3	9.4
2443784.4	9.4
2443786.4	9.3
2443790.3	9.5
2443792.4	9.4
2443797.3	9.2
2443800.3	9.3
2443802.3	9.2
2443806.3	9.1
2443815.2	9.0
2443816.4	9.0
2443819.3	8.9
2443824.2	9.2
2443829.3	9.2
2443831.2	9.3
2443837.2	9.3
2443841.2	9.3
2443842.2	9.3
2443849.2	9.5
2443853.2	9.4
2443860.2	9.4
2443862.2	9.3
2443870.2	9.2
2443874.2	9.1
2443877.2	9.1
2443881.2	9.2
2443889.2	9.2
2443896.2	9.2
2443910.7	9.4
2443915.7	9.4
2443919.7	9.5
2443920.7	9.5
2443928.7	9.3
2443931.7	9.3
2443936.7	9.2
2443950.6	9.1
2443975.6	9.3
2443981.6	9.4
2443995.5	9.4
2443999.5	9.2
2444004.5	9.2
2444009.5	9.1
2444101.4	9.2
2444103.5	9.3
2444106.4	9.3
2444108.4	9.3
2444113.4	9.1
2444115.4	9.4
2444117.4	9.3
2444120.4	9.4
2444131.4	9.4
2444132.4	9.3
2444135.3	9.2
2444141.3	9.1
2444144.3	9.1
2444148.3	9.2
2444151.3	8.8
2444165.3	9.1
2444166.4	9.1
2444173.3	9.2
2444184.2	9.4
2444189.4	9.5
2444192.2	9.5
2444198.2	9.5
2444202.2	9.3
2444204.3	9.4
2444213.2	9.1
2444215.2	8.9
2444219.2	8.8
2444227.2	8.8
2444241.2	9.0
2444242.2	9.1
2444249.2	9.3
2444254.2	9.4
2444255.2	9.3
2444277.7	9.2
2444293.7	9.1
2444317.6	9.3
2444318.6	9.4
2444323.6	9.4
2444330.6	9.5
2444335.6	9.3
2444338.6	9.4
2444343.6	9.2
2444352.5	8.7
2444361.5	8.7
2444364.5	8.7
2444366.5	8.9
2444369.5	8.8
2444372.5	9.2
2444374.5	8.9
2444463.4	9.2
2444465.4	9.4
2444466.4	9.4
2444472.4	9.4
2444481.4	8.7
2444483.4	9.1
2444485.5	9.1
2444490.4	8.7
2444492.4	8.8
2444494.4	8.7
2444498.4	8.8
2444501.4	9.1
2444508.3	9.4
2444509.3	9.3
2444513.3	9.3
2444514.3	9.2
2444515.3	9.3
2444521.4	9.3
2444523.4	9.3
2444533.2	9.4
2444534.2	9.5
2444538.3	9.5
2444543.2	9.4
2444544.2	9.3
2444545.3	9.4
2444549.2	9.1
2444551.2	9.1
2444553.3	8.7
2444563.2	9.1
2444565.2	9.1
2444567.2	8.8
2444569.2	8.9
2444572.2	8.8
2444575.3	8.8
2444578.2	8.8
2444581.2	8.8
2444590.2	9.1
2444602.2	9.4
2444603.2	9.4
2444606.2	9.4
2444611.2	9.4
2444614.2	9.2
2444626.2	9.1
2444629.2	9.0
2444644.7	9.1
2444646.7	9.2
2444658.7	9.2
2444666.7	9.4
2444673.7	9.4
2444683.6	9.2
2444688.6	8.8
2444694.6	8.8
2444695.6	8.6
2444700.6	8.8
2444703.6	8.8
2444708.6	8.8
2444711.5	9.2
2444717.5	9.2
2444723.5	9.1
2444727.5	9.1
2444736.5	9.4
2444816.5	9.4
2444817.5	9.4
2444823.4	9.1
2444831.4	9.1
2444833.4	9.1
2444837.4	8.8
2444839.4	8.9
2444841.4	8.9
2444844.4	8.9
2444849.4	9.1
2444854.4	9.3
2444862.5	9.4
2444876.3	9.4
2444877.4	9.4
2444883.3	9.4
2444886.3	9.3
2444892.3	8.8
2444894.3	8.9
2444897.4	8.8
2444900.3	8.7
2444911.2	8.8
2444913.3	8.8
2444915.2	9.0
2444917.2	9.1
2444921.3	9.1
2444928.2	9.2
2444942.2	9.4
2444946.2	9.4
2444950.3	9.5
2444952.2	9.4
2444954.2	9.3
2444958.2	9.1
2444973.2	8.7
2444976.2	8.9
2444997.2	9.4
2445016.7	9.4
2445019.7	9.4
2445033.7	9.1
2445054.6	9.2
2445055.6	8.9
2445060.6	9.1
2445064.6	9.2
2445072.6	9.2
2445074.6	9.2
2445079.5	9.5
2445084.5	9.2
2445089.5	9.3
2445092.5	9.4
2445096.5	9.2
2445099.5	8.7
2445101.5	8.7
2445103.5	8.8
2445179.5	8.8
2445181.5	8.8
2445183.5	8.8
2445184.5	8.8
2445189.4	8.8
2445194.4	8.8
2445199.4	9.1
2445201.4	9.2
2445204.4	9.3
2445214.4	9.3
2445217.4	9.4
2445224.4	9.3
2445229.4	9.3
2445235.3	8.8
2445243.3	9.1
2445258.4	8.8
2445263.4	9.1
2445264.2	9.3
2445266.3	9.4
2445270.3	9.3
2445276.2	9.3
2445283.4	9.4
2445285.2	9.5
2445289.3	9.4
2445291.2	9.4
2445296.2	9.3
2445303.2	9.1
2445310.2	8.8
2445316.2	8.8
2445319.2	8.8
2445321.2	8.8
2445326.3	9.5
2445330.3	8.9
2445332.2	9.1
2445342.2	9.4
2445343.2	9.3
2445349.2	9.3
2445354.2	9.4
2445358.2	9.4
2445373.7	8.8
2445375.7	8.8
2445381.7	8.8
2445383.7	8.8
2445405.7	9.2
2445413.6	9.2
2445426.6	9.4
2445436.6	8.9
2445440.6	9.0
2445459.5	8.7
2445468.5	9.3
2445545.5	9.2
2445549.5	9.1
2445552.4	9.3
2445555.4	9.4
2445563.4	9.4
2445567.4	9.5
2445571.4	9.3
2445575.4	9.1
2445578.4	9.1
2445585.4	8.7
2445595.4	8.8
2445599.3	8.8
2445607.3	8.8
2445611.4	9.1
2445614.3	9.3
2445617.3	9.3
2445622.3	9.3
2445632.3	9.2
2445634.3	9.4
2445638.3	9.4
2445646.3	9.1
2445653.3	8.8
2445667.3	8.7
2445672.2	9.1
2445678.2	9.2
2445680.2	9.1
2445692.3	9.2
2445695.2	9.4
2445697.2	9.4
2445699.2	9.4
2445702.2	9.4
2445708.2	9.4
2445718.2	8.8
2445720.2	8.8
2445739.7	9.1
2445761.7	9.4
2445764.7	9.3
2445773.6	9.4
2445777.6	9.3
2445783.6	9.2
2445815.5	9.3
2445816.5	9.2
2445817.5	9.2
2445819.5	9.3
2445826.5	9.3
2445828.5	9.2
2445831.5	9.3
2445833.5	9.5
2445910.5	9.4
2445921.4	8.7
2445923.4	8.8
2445928.4	8.8
2445930.4	8.7
2445933.4	8.7
2445944.4	9.1
2445948.4	9.2
2445964.4	9.3
2445977.3	9.5
2445983.3	9.4
2445986.3	9.2
2445994.3	9.1
2445996.4	9.0
2446000.3	9.0
2446004.3	8.7
2446010.3	8.8
2446018.3	9.1
2446021.3	9.1
2446031.3	9.1
2446045.3	9.3
2446056.3	8.8
2446067.2	8.7
2446069.2	8.8
2446074.2	8.7
2446076.2	8.8
2446082.2	9.1
2446109.7	9.4
2446115.7	9.4
2446143.6	8.8
2446166.6	9.4
2446173.6	9.4
2446177.5	9.4
2446185.5	9.4
2446193.5	9.3
2446198.5	9.1
2446279.5	8.8
2446289.5	8.9
2446293.4	9.1
2446306.4	9.3
2446373.3	9.4
2446384.3	9.3
2446393.3	9.4
2446399.2	9.1
2446428.2	9.1
2446437.2	9.5
2446440.2	9.2
2446446.2	9.4
2446447.7	9.4
2446456.2	9.7
2446465.7	9.2
2446467.7	9.4
2446471.7	9.2
2446478.7	8.7
2446482.7	8.8
2446485.7	8.9
2446488.7	8.8
2446496.7	9.2
2446525.6	9.4
2446529.6	9.4
2446547.5	8.7
2446552.5	8.6
2446560.5	8.9
2446644.5	9.3
2446648.4	9.2
2446654.4	9.2
2446661.4	9.5
2446668.4	9.2
2446676.4	9.2
2446681.4	9.1
2446685.3	9.1
2446689.3	9.2
2446698.3	9.2
2446701.3	9.3
2446706.3	9.1
2446710.3	9.5
2446714.5	9.4
2446719.3	9.4
2446727.3	9.5
2446733.2	9.7
2446736.5	9.5
2446741.2	9.5
2446764.2	8.9
2446771.2	9.2
2446775.2	9.2
2446787.2	9.3
2446795.2	9.4
2446797.2	9.4
2446805.2	9.4
2446813.2	9.1
2446821.2	9.1
2446824.2	9.1
2446828.7	8.9
2446843.7	9.4
2446845.7	9.1
2446856.7	9.4
2446857.7	9.4
2446866.7	9.5
2446877.7	9.4
2446880.7	9.5
2446885.6	9.0
2446890.6	9.1
2446898.6	9.2
2446902.6	9.2
2446908.5	9.0
2446914.5	9.2
2446921.5	9.3
2446931.5	9.4
2447015.5	9.1
2447020.4	8.9
2447027.5	8.7
2447036.5	8.8
2447038.4	8.8
2447042.4	8.7
2447050.3	8.8
2447055.3	9.2
2447058.3	9.1
2447064.5	9.2
2447067.3	9.3
2447070.3	9.3
2447080.4	9.4
2447086.3	9.2
2447094.2	8.8
2447104.3	8.7
2447110.2	8.9
2447117.3	8.9
2447127.2	9.0
2447129.2	8.9
2447133.2	9.4
2447137.2	9.3
2447150.8	9.4
2447157.2	9.0
2447160.2	8.9
2447171.2	8.7
2447172.7	8.7
2447176.2	8.8
2447204.7	9.4
2447213.7	9.3
2447232.7	8.7
2447235.6	8.7
2447260.6	9.2
2447265.6	9.2
2447270.5	9.3
2447276.6	9.5
2447279.5	9.4
2447288.5	9.3
2447293.5	9.1
2447296.5	9.0
2447322.6	9.5
2447324.5	9.4
2447327.5	9.2
2447329.5	9.4
2447376.4	8.8
2447379.5	8.8
2447387.5	8.9
2447391.4	8.8
2447403.4	9.3
2447409.4	9.3
2447413.4	9.4
2447416.4	9.2
2447421.3	9.4
2447435.4	8.7
2447442.4	8.7
2447450.3	8.8
2447458.2	9.2
2447464.2	9.3
2447469.2	9.2
2447471.3	9.3
2447477.3	9.4
2447481.2	9.5
2447485.2	9.4
2447492.2	9.4
2447495.2	9.4
2447498.2	9.2
2447502.3	8.9
2447505.3	9.2
2447509.2	8.9
2447512.4	8.8
2447523.2	8.9
2447529.8	8.9
2447532.2	8.9
2447540.2	9.2
2447542.7	9.3
2447551.7	9.4
2447555.2	9.0
2447558.8	9.5
2447565.7	8.9
2447574.7	8.8
2447602.6	8.9
2447607.6	9.2
2447614.6	9.2
2447619.6	9.4
2447626.5	9.4
2447639.6	8.8
2447646.5	8.7
2447651.5	8.8
2447656.5	8.8
2447661.5	8.8
2447741.5	9.1
2447745.4	9.4
2447751.4	9.1
2447754.4	9.4
2447760.4	9.4
2447772.4	9.2
2447778.4	8.8
2447782.3	8.7
2447789.4	8.8
2447794.3	8.8
2447799.3	9.1
2447803.3	8.9
2447809.3	9.2
2447817.2	9.4
2447826.2	9.2
2447832.4	9.4
2447838.2	9.2
2447845.2	9.1
2447852.2	8.8
2447855.2	8.8
2447860.2	8.7
2447865.2	8.8
2447880.2	9.3
2447889.2	9.3
2447892.2	9.4
2447900.2	9.3
2447905.2	9.4
2447910.8	9.3
2447914.2	9.2
2447942.7	9.1
2447950.7	9.3
2447957.7	9.1
2447972.6	9.4
2447977.6	9.4
2447988.5	8.8
2448006.5	9.1
2448012.4	9.3
2448016.5	9.2
2448026.5	9.4
2448102.4	9.4
2448104.5	9.2
2448113.4	9.3
2448122.5	8.8
2448125.4	8.7
2448129.4	8.7
2448147.4	8.9
2448149.4	8.9
2448155.3	9.1
2448161.3	9.2
2448164.3	9.4
2448174.3	9.3
2448181.4	9.4
2448184.3	9.4
2448190.2	8.8
2448200.3	8.9
2448204.3	8.8
2448215.2	8.9
2448217.2	9.0
2448238.3	9.4
2448246.3	9.4
2448270.2	8.8
2448273.2	8.8
2448278.2	8.8
2448282.7	8.9
2448301.7	9.4
2448313.7	9.2
2448341.6	8.8
2448344.6	8.7
2448346.6	8.9
2448366.5	9.2
2448371.4	8.9
2448378.5	9.5
2448382.5	9.4
2448388.5	9.3
2448468.5	9.0
2448476.5	9.1
2448483.4	9.2
2448499.4	9.1
2448507.4	9.4
2448511.3	9.1
2448515.3	9.4
2448520.3	9.2
2448527.3	9.2
2448532.3	9.0
2448536.3	8.9
2448551.2	8.8
2448555.2	9.1
2448571.2	9.2
2448577.2	9.4
2448588.3	9.4
2448594.4	9.2
2448609.2	8.8
2448621.2	8.8
2448642.2	9.1
2448650.2	9.3
2448656.7	9.4
2448664.7	9.4
2448684.7	8.8
2448710.5	9.3
2448728.6	9.4
2448732.5	9.2
2448738.5	9.0
2448746.5	8.8
2448752.5	9.0
2448491.4	9.2
2448839.5	9.3
2448841.4	9.1
2448855.4	9.4
2448861.4	9.3
2448866.4	9.3
2448871.5	9.2
2448874.3	8.8
2448882.3	8.8
2448892.4	9.2
2448896.3	8.9
2448900.3	9.0
2448931.2	9.3
2448941.2	9.2
2448951.2	8.9
2448969.2	8.8
2448972.2	8.9
2448976.2	9.3
2448980.2	9.2
2448985.2	9.3
2448991.3	9.5
2448998.3	9.2
2449000.3	9.3
2449004.2	9.2
2449016.2	8.8
2449020.7	8.9
2449027.2	9.0
2449048.7	9.2
2449061.7	9.4
2449064.6	9.3
2449077.6	8.8
2449086.5	8.8
2449089.5	8.8
2449095.5	8.9
2449104.5	9.0
2449115.5	9.1
2449117.5	9.2
2449201.5	9.5
2449207.4	9.4
2449213.4	9.0
2449218.4	8.9
2449226.4	8.9
2449234.4	8.9
2449239.4	9.0
2449248.3	9.0
2449258.3	9.2
2449274.3	9.2
2449278.3	8.8
2449282.3	8.9
2449289.3	9.1
2449319.3	9.2
2449325.3	9.4
2449327.2	9.3
2449333.2	9.4
2449339.2	9.4
2449342.2	9.4
2449361.2	8.8
2449368.2	8.8
2449377.2	9.3
2449399.7	9.4
2449402.7	9.4
2449407.7	9.3
2449421.6	9.1
2449438.6	8.8
2449453.6	9.0
2449455.5	9.2
2449459.6	9.3
2449473.5	9.4
2449478.5	9.4
2449483.5	9.1
2449486.5	8.9
2449563.4	8.7
2449564.5	8.7
2449568.5	8.7
2449575.4	9.0
2449580.4	8.9
2449592.5	9.1
2449596.4	9.2
2449607.4	9.3
2449614.3	9.2
2449620.3	9.2
2449630.4	9.0
2449636.3	8.8
2449641.3	9.0
2449658.4	8.8
2449677.2	9.3
2449681.2	9.6
2449684.2	9.3
2449696.3	9.0
2449699.2	8.7
2449708.2	8.8
2449720.2	8.9
2449728.2	9.0
2449743.2	9.0
2449775.7	8.7
2449809.6	9.2
2449811.6	9.3
2449816.6	9.3
2449830.7	8.7
2449836.5	8.8
2449841.5	8.7
2449854.5	9.1
2449928.5	9.0
2449934.4	9.2
2449946.4	9.3
2449959.4	9.1
2449961.4	9.1
2449979.3	8.7
2449987.3	8.8
2449991.3	8.8
2449998.3	9.0
2450009.3	9.0
2450011.3	9.3
2450016.4	9.3
2450020.3	9.2
2450025.3	9.3
2450033.2	8.8
2450035.2	9.0
2450039.3	8.7
2450057.2	9.1
2450065.2	9.1
2450068.2	9.1
2450075.2	9.3
2450078.2	9.6
2450109.2	8.7
2450112.7	8.7
2450133.7	9.1
2450143.7	9.1
2450150.7	9.3
2450163.6	9.3
2450167.6	8.9
2450176.7	8.8
2450187.6	8.8
2450201.5	8.8
2450213.5	9.3
2450295.4	9.2
2450298.4	9.3
2450300.5	9.3
2450313.5	8.7
2450328.4	8.9
2450331.4	8.8
2450335.4	8.9
2450341.3	9.2
2450344.3	9.2
2450351.3	9.2
2450355.3	9.4
2450358.3	9.4
2450365.3	9.2
2450376.4	9.1
2450378.3	9.0
2450387.3	8.8
2450395.2	8.7
2450401.2	9.1
2450415.2	9.2
2450416.2	9.3
2450424.2	9.3
2450431.2	9.6
2450436.3	9.4
2450439.3	9.2
2450445.2	8.8
2450450.2	8.9
2450455.2	8.7
2450467.2	9.0
2450476.2	9.1
2450479.2	9.2
2450484.7	9.3
2450491.7	9.1
2450506.7	9.1
2450511.7	8.7
2450517.6	8.7
2450522.6	8.7
2450525.6	8.7
2450527.6	8.7
2450536.5	9.1
2450542.6	9.0
2450545.6	9.2
2450553.6	9.3
2450557.5	9.2
2450564.5	9.4
2450571.5	9.3
2450576.5	9.1
2450584.5	8.7
2450585.5	8.7
2450665.5	8.7
2450666.4	8.8
2450676.4	9.1
2450681.4	9.1
2450692.4	9.3
2450701.3	9.1
2450704.4	9.4
2450716.3	9.4
2450718.3	8.7
2450721.5	8.8
2450726.3	8.8
2450730.3	8.8
2450734.3	9.0
2450742.2	9.1
2450746.3	9.0
2450749.2	9.0
2450777.2	9.3
2450789.4	8.7
2450800.2	8.9
2450820.2	9.2
2450834.2	9.2
2450837.2	9.4
2450842.2	9.3
2450849.7	9.1
2450871.7	9.0
2450882.7	9.0
2450889.5	9.2
2450891.6	9.2
2450900.6	9.3
2450905.6	9.3
2450923.4	8.7
2450930.4	8.7
2450937.5	8.9
2450940.5	8.8
2450946.5	9.1
2450949.5	9.0
2451033.4	9.2
2451041.4	9.3
2451047.5	9.1
2451051.4	9.1
2451056.4	8.9
2451059.3	8.7
2451076.3	8.8
2451078.3	9.0
2451091.3	8.9
2451101.4	9.3
2451107.3	9.3
2451110.3	9.2
2451116.3	9.3
2451120.2	9.0
2451124.2	8.9
2451134.2	8.8
2451150.2	9.0
2451154.2	9.0
2451156.2	8.8
2451161.3	9.1
2451163.2	9.3
2451168.2	9.4
2451174.2	9.4
2451177.2	9.6
2451186.7	9.0
2451195.2	8.7
2451200.2	8.7
2451207.2	8.8
2451211.2	8.8
2451212.7	9.0
2451219.7	8.9
2451221.7	9.1
2451225.7	9.1
2451271.6	8.6
2451273.5	8.8
2451276.6	8.8
2451283.4	8.8
2451289.4	9.0
2451294.6	9.1
2451300.4	9.2
2451306.5	9.4
2451315.5	9.3
2451391.5	8.9
2451393.5	9.0
2451409.4	8.6
2451413.4	8.9
2451419.4	9.1
2451424.4	9.0
2451426.4	8.9
2451431.3	9.1
2451435.4	9.1
2451453.4	9.2
2451455.3	8.8
2451457.3	9.2
2451460.3	8.7
2451464.3	8.8
2451467.3	8.6
2451478.2	8.8
2451480.2	8.8
2451485.2	8.8
2451492.2	8.9
2451496.2	8.9
2451502.2	9.2
2451508.2	9.1
2451510.2	9.2
2451514.2	9.3
2451517.3	9.5
2451524.2	9.2
2451528.2	9.1
2451533.2	8.8
2451536.2	8.8
2451545.2	8.8
2451550.3	8.8
2451553.2	8.8
2451558.2	9.0
2451561.7	9.0
2451568.7	9.1
2451574.2	9.3
2451577.7	9.3
2451590.7	9.2
2451595.7	9.0
2451599.7	9.2
2451605.7	8.7
2451610.7	8.9
2451616.7	9.0
2451618.7	8.8
2451631.6	9.1
2451633.6	9.2
2451639.6	9.2
2451650.5	9.4
2451656.5	9.4
2451663.5	9.4
2451668.4	8.9
2451671.5	8.7
2451676.5	8.8
2451678.5	9.1
2451708.5	9.2
2451754.5	8.8
2451761.5	9.3
2451763.4	9.3
2451765.4	9.0
2451769.4	9.1
2451775.4	9.1
2451779.4	9.4
2451782.4	9.2
2451788.4	9.4
2451790.4	9.2
2451793.3	9.3
2451796.4	9.1
2451799.3	9.0
2451808.3	8.6
2451812.3	8.7
2451818.4	8.7
2451821.3	8.8
2451835.3	9.2
2451837.3	9.1
2451879.2	8.7
2451898.7	8.9
2451901.2	9.1
2451904.2	9.0
2451909.3	9.2
2451924.2	9.4
2451925.2	9.7
2451929.2	9.7
2451939.2	8.9
2451941.2	9.0
2451945.7	8.8
2451949.7	8.8
2451952.7	8.6
2451959.7	8.9
2451973.7	9.1
2451986.6	9.5
2451987.6	9.4
2451990.6	9.4
2451994.6	9.2
2452003.6	9.1
2452010.6	8.7
2452013.5	9.2
2452020.5	8.7
2452022.5	8.8
2452029.4	9.1
2452031.4	9.1
2452035.5	9.1
2452038.5	9.2
2452041.5	9.1
2452044.5	8.9
2452118.5	9.6
2452122.5	9.2
2452129.4	9.3
2452134.4	9.3
2452139.4	9.1
2452146.4	9.0
2452148.4	8.8
2452164.3	8.8
2452173.3	8.9
2452177.3	9.1
2452179.3	9.2
2452182.3	9.2
2452190.3	9.6
2452196.4	9.3
2452198.4	9.6
2452200.5	9.4
2452210.2	8.9
2452219.2	8.7
2452221.2	8.7
2452225.2	8.9
2452229.3	8.8
2452232.2	9.1
2452236.3	9.1
2452240.2	9.1
2452250.2	9.2
2452254.2	9.3
2452256.2	9.3
2452259.2	9.8
2452263.3	9.7
2452266.2	9.5
2452277.2	9.3
2452283.2	8.7
2452299.7	8.7
2452304.7	9.0
2452316.7	9.1
2452320.7	9.1
2452325.7	9.3
2452334.7	9.3
2452338.7	9.3
2452341.7	9.2
2452347.7	8.7
2452354.6	8.7
2452357.6	8.7
2452370.5	8.7
2452374.6	8.7
2452384.5	9.2
2452389.4	9.4
2452398.4	9.4
2452400.5	9.4
2452402.4	9.3
2452408.5	9.4
2452486.5	9.0
2452490.4	9.0
2452492.5	8.8
2452500.4	9.0
2452501.4	8.9
2452503.4	8.8
2452505.4	8.8
2452508.4	9.0
2452510.4	9.3
2452513.4	9.1
2452515.4	9.2
2452518.4	9.3
2452520.4	9.3
2452526.4	9.4
2452527.4	9.3
2452528.3	9.4
2452529.5	9.3
2452530.5	9.3
2452531.3	9.3
2452532.3	9.4
2452535.3	9.4
2452538.3	9.4
2452544.3	9.5
2452552.4	8.9
2452554.4	9.1
2452557.4	8.9
2452564.3	8.8
2452574.2	8.8
2452575.4	8.9
2452576.2	9.0
2452577.2	9.0
2452579.2	9.0
2452580.2	9.1
2452581.2	9.1
2452583.2	9.0
2452597.2	9.3
2452617.2	9.2
2452619.2	9.1
2452621.2	9.2
2452626.8	9.0
2452639.2	9.0
2452641.2	8.9
2452645.2	8.9
2452652.7	9.2
2452655.2	9.2
2452670.7	9.2
2452684.7	9.3
2452688.7	9.2
2452690.7	9.1
2452696.7	8.7
2452698.7	8.7
2452710.5	8.8
2452712.7	8.8
2452726.6	9.3
2452732.6	9.2
2452734.5	9.2
2452737.6	9.3
2452742.6	9.5
2452749.4	9.3
2452751.4	9.4
2452766.5	8.6
2452768.4	8.8
2452776.5	9.0
2452849.5	9.0
2452855.4	9.0
2452859.4	9.2
2452861.4	9.2
2452867.5	9.3
2452872.4	9.3
2452874.4	9.2
2452876.4	9.3
2452878.4	9.5
2452881.3	9.5
2452884.3	9.6
2452899.3	8.7
2452904.3	8.9
2452907.3	8.8
2452910.3	8.8
2452915.3	8.8
2452918.3	8.8
2452925.3	9.1
2452928.2	9.3
2452932.3	9.0
2452935.2	9.1
2452938.3	9.2
2452948.2	9.2
2452961.2	9.0
2452963.3	9.0
2452967.3	8.7
2452978.2	9.2
2452985.3	9.1
2452989.3	9.1
2452993.2	9.2
2452995.7	9.1
2453003.2	9.3
2453021.2	9.3
2453023.7	9.3
2453025.7	9.1
2453039.7	8.8
2453045.7	8.7
2453051.7	8.7
2453053.7	8.8
2453058.7	8.9
2453061.7	8.8
2453067.7	8.4
2453075.7	9.3
2453092.6	9.1
2453095.6	9.1
2453097.6	9.1
2453105.6	8.6
2453117.5	8.6
2453127.4	9.0
2453128.5	8.9
2453133.5	9.1
2453138.5	9.1
2453141.5	9.2
2453148.7	9.3
2453153.5	9.5
2453156.6	9.5
2453158.5	9.4
2453225.4	9.2
2453227.4	9.3
2453231.4	9.1
2453239.4	8.9
2453250.4	8.8
2453252.3	8.9
2453255.4	8.8
2453258.4	8.8
2453262.5	8.9
2453266.4	9.2
2453272.3	9.1
2453276.3	9.2
2453287.3	9.2
2453289.3	9.3
2453297.4	9.5
2453300.3	9.2
2453305.2	9.1
2453311.2	8.7
2453315.2	8.8
2453318.2	8.8
2453322.2	8.8
2453325.2	8.7
2453328.2	8.8
2453331.2	9.1
2453345.2	9.3
2453347.2	9.2
2453353.2	9.2
2453355.2	9.3
2453359.7	9.3
2453362.2	9.3
2453370.2	9.2
2453373.2	9.1
2453376.7	9.1
2453381.2	9.0
2453384.7	9.0
2453392.7	8.8
2453401.7	8.8
2453425.7	9.3
2453427.7	9.1
2453438.7	9.6
2453439.7	9.3
2453448.6	8.7
2453450.6	8.6
2453452.6	8.7
2453460.6	8.6
2453463.6	8.8
2453466.6	8.8
2453471.5	8.9
2453473.6	8.9
2453480.5	9.0
2453487.4	9.3
2453495.5	9.3
2453501.4	9.2
2453505.5	9.3
2453580.5	9.1
2453584.5	9.0
2453591.4	8.8
2453599.4	8.9
2453602.4	9.0
2453609.5	9.0
2453612.4	8.8
2453616.4	9.3
2453622.4	9.3
2453626.3	9.1
2453629.4	9.2
2453634.3	9.2
2453638.3	9.2
2453643.5	9.5
2453648.4	9.5
2453659.3	8.8
2453668.3	9.0
2453682.4	9.1
2453685.2	9.0
2453689.3	9.2
2453692.2	9.2
2453703.2	9.3
2453705.2	9.2
2453720.2	9.0
2453722.2	8.9
2453725.2	8.8
2453730.2	8.8
2453738.2	8.8
2453747.7	9.1
2453760.7	9.1
2453763.7	9.1
2453767.7	9.3
2453786.7	9.1
2453801.7	8.7
2453804.7	8.9
2453808.7	8.9
2453810.6	8.8
2453817.6	8.8
2453819.6	8.9
2453826.6	9.0
2453835.5	9.3
2453840.5	9.3
2453842.6	9.2
2453847.5	8.9
2453853.4	8.9
2453861.5	8.7
2453866.5	9.0
2453869.5	8.7
2453945.5	9.1
2453951.5	9.1
2453954.4	9.1
2453963.4	9.2
2453966.5	9.1
2453973.4	9.3
2453977.4	9.4
2453979.4	9.2
2453982.3	9.3
2453989.3	9.3
2453993.3	9.1
2454010.3	8.7
2454014.3	9.1
2454017.3	9.1
2454033.3	9.3
2454034.2	9.3
2454041.2	9.4
2454046.2	9.1
2454049.2	9.4
2454052.2	9.4
2454057.2	9.4
2454064.2	8.9
2454071.3	9.1
2454079.2	9.0
2454084.2	9.0
2454087.2	9.1
2454090.2	9.2
2454097.2	9.5
2454105.8	9.4
2454109.2	9.3
2454112.8	9.4
2454114.7	9.5
2454116.7	9.5
2454119.7	9.4
2454126.7	9.1
2454134.7	8.9
2454150.7	8.9
2454168.5	9.5
2454173.6	9.2
2454175.6	9.4
2454179.6	9.4
2454186.6	9.5
2454191.6	9.2
2454193.6	9.3
2454196.5	9.1
2454201.6	8.8
2454204.5	8.7
2454207.6	8.7
2454211.4	8.7
2454217.4	9.2
2454222.4	9.1
2454225.5	9.3
2454230.4	9.2
2454236.5	9.2
2454310.5	9.4
2454320.5	9.3
2454322.5	9.5
2454326.5	9.3
2454329.4	9.1
2454331.4	8.9
2454336.4	9.3
2454340.4	8.7
2454344.4	8.8
2454346.3	8.7
2454349.4	8.7
2454352.4	8.8
2454355.3	8.9
2454356.4	8.8
2454359.3	9.1
2454362.4	9.2
2454366.3	9.0
2454370.4	9.2
2454376.3	9.4
2454378.3	9.1
2454381.3	9.3
2454384.3	9.3
2454390.3	9.4
2454397.2	9.3
2454403.2	8.6
2454406.2	8.7
2454408.3	9.1
2454411.3	8.9
2454414.2	8.8
2454422.2	8.7
2454428.2	8.9
2454431.2	9.0
2454439.3	9.1
2454446.2	9.5
2454449.2	9.2
2454452.2	9.2
2454458.2	9.4
2454462.7	9.1
2454464.2	9.2
2454478.7	8.8
2454485.7	8.8
2454487.7	8.7
2454493.7	9.1
2454509.7	9.2
2454521.7	9.5
2454525.7	9.4
2454527.7	9.4
2454529.7	9.4
2454531.7	9.2
2454540.6	8.9
2454543.7	9.0
2454545.5	8.8
2454547.6	8.9
2454552.6	8.7
2454555.6	8.9
2454561.5	8.9
2454574.5	9.1
2454578.6	9.2
2454579.5	9.5
2454581.5	9.4
2454592.5	9.5
2454596.4	9.3
2454599.5	9.3
