#Data source:http://mizar.voksenlia.net/Variable/Redukvis/W-lyr/01-63-76/
#JD    MAG
2438295.3	11.2
2438298.5	11.2
2438299.4	10.9
2438344.2	9.2
2438370.3	9.0
2438376.3	8.9
2438384.7	9.1
2438390.3	9.5
2438395.7	9.8
2438400.3	9.9
2438402.2	10.2
2438410.6	10.5
2438413.6	10.4
2438615.5	10.7
2438622.5	11.1
2438624.5	11.0
2438628.5	11.1
2438629.5	11.2
2438651.4	12.4
2438672.3	12.2
2438673.3	12.2
2438694.3	10.7
2438739.2	8.5
2438772.6	8.8
2438811.5	10.3
2438825.5	11.5
2438826.5	11.5
2438840.5	12.2
2438854.6	12.4
2438881.5	12.0
2438974.5	9.1
2438977.5	9.0
2438979.5	9.3
2438993.5	9.8
2439065.3	12.6
2439079.2	12.3
2439108.3	9.9
2439168.6	8.9
2439203.5	10.3
2439227.5	11.4
2439228.5	11.6
2439324.5	8.6
2439327.5	8.7
2439353.4	8.4
2439355.4	8.5
2439356.5	8.4
2439364.4	8.6
2439366.4	8.6
2439372.5	8.9
2439380.4	9.1
2439385.4	9.1
2439393.4	9.6
2439408.3	10.8
2439441.4	12.8
2439448.3	12.5
2439478.6	11.9
2439479.3	12.1
2439494.2	10.5
2439496.2	10.7
2439499.2	10.7
2439504.3	10.4
2439527.4	9.7
2439532.7	9.5
2439554.5	9.2
2439560.6	9.2
2439567.5	9.0
2439568.6	9.9
2439571.5	9.1
2439581.6	9.7
2439609.5	11.0
2439610.5	11.0
2439616.4	11.2
2439711.5	9.6
2439717.5	9.4
2439721.4	9.2
2439724.4	9.0
2439729.4	8.6
2439730.4	8.6
2439735.4	8.5
2439740.4	8.1
2439743.4	8.2
2439757.3	8.6
2439771.4	8.9
2439807.3	10.4
2439826.3	11.2
2439842.3	11.9
2439851.2	12.1
2439864.2	12.1
2439866.2	12.0
2439883.5	10.8
2439884.5	10.8
2439924.5	9.0
2439963.4	9.1
2439968.4	9.1
2439974.5	9.7
2439989.5	10.2
2440008.5	10.9
2440278.6	10.4
2440291.7	10.2
2440294.4	10.2
2440298.6	9.9
2440300.5	9.9
2440307.5	9.6
2440318.5	9.0
2440323.5	8.5
2440463.4	10.3
2440470.4	9.9
2440521.3	8.5
2440531.3	8.6
2440555.2	8.8
2440559.3	8.9
2440589.2	10.5
2440631.7	12.2
2440644.6	11.9
2440645.6	12.2
2440663.5	10.9
2440665.5	10.8
2440670.5	10.5
2440674.5	10.3
2440680.5	10.3
2440686.5	9.9
2440690.4	9.9
2440691.5	9.9
2440712.5	9.6
2440713.5	9.5
2440809.4	12.0
2440824.4	12.5
2440831.4	12.6
2440841.4	12.7
2440849.4	12.2
2440851.4	12.1
2440856.4	12.0
2440869.4	11.0
2440887.4	10.4
2440901.4	9.8
2440926.3	9.0
2440950.2	9.1
2440951.2	9.0
2440957.2	9.0
2440965.2	9.3
2440984.3	10.2
2440987.7	10.1
2441033.5	12.0
2441038.6	12.3
2441172.5	9.6
2441182.5	9.7
2441187.5	9.9
2441297.3	8.9
2441308.3	8.7
2441313.3	8.5
2441317.2	8.5
2441321.3	8.6
2441345.2	9.0
2441371.7	10.1
2441541.5	8.6
2441545.5	8.7
2441549.5	9.0
2441555.4	9.5
2441573.5	10.4
2441603.3	12.1
2441625.3	12.0
2441632.3	11.8
2441634.3	11.9
2441637.3	11.9
2441664.2	10.3
2441682.2	9.6
2441687.3	9.7
2441689.2	9.8
2441693.2	9.8
2441694.2	9.8
2441701.2	9.6
2441720.7	9.1
2441722.7	9.0
2441734.7	8.7
2441739.7	9.0
2441740.7	9.0
2441747.6	9.2
2441750.6	9.6
2441752.5	9.5
2441756.6	9.8
2441779.5	11.2
2441786.5	12.1
2441802.4	12.2
2441807.5	12.2
2441920.5	8.6
2441922.5	8.6
2441926.5	8.6
2441959.3	9.9
2442006.2	11.2
2442007.2	11.2
2442010.3	11.5
2442014.2	11.5
2442017.2	11.7
2442020.2	11.8
2442025.2	11.9
2442028.2	11.8
2442034.2	11.8
2442045.2	10.8
2442047.2	10.6
2442065.2	9.2
2442068.2	9.3
2442070.2	9.2
2442072.2	9.2
2442077.7	9.0
2442079.7	8.6
2442086.7	8.7
2442100.7	8.2
2442101.7	8.4
2442108.5	8.4
2442117.4	8.3
2442118.6	8.1
2442130.6	8.6
2442143.6	8.8
2442145.6	9.1
2442149.4	9.7
2442151.5	9.8
2442176.5	11.2
2442178.5	11.2
2442271.5	10.2
2442276.4	9.8
2442277.5	9.7
2442296.4	9.1
2442300.4	9.0
2442303.4	9.0
2442309.4	8.8
2442311.4	8.8
2442334.3	8.9
2442345.3	9.5
2442350.3	9.8
2442351.3	9.9
2442354.4	10.0
2442355.3	9.9
2442356.3	10.1
2442362.4	10.4
2442365.3	10.7
2442369.2	10.6
2442374.2	11.1
2442385.2	12.0
2442391.2	12.0
2442393.3	12.1
2442394.2	12.1
2442397.2	12.1
2442409.2	12.1
2442415.3	12.2
2442416.2	12.0
2442419.2	12.1
2442426.2	12.1
2442432.2	11.8
2442448.7	11.1
2442456.7	10.4
2442457.7	10.4
2442483.6	8.7
2442485.6	8.7
2442491.4	8.9
2442503.6	8.6
2442508.6	8.4
2442514.6	8.5
2442516.6	8.4
2442520.5	8.5
2442533.5	8.5
2442537.5	8.5
2442540.5	8.6
2442625.5	12.2
2442629.5	12.4
2442632.5	12.4
2442650.4	11.5
2442652.4	11.2
2442657.4	10.7
2442663.4	10.6
2442666.4	10.5
2442672.3	10.4
2442682.4	10.0
2442687.3	9.9
2442691.3	9.7
2442694.3	9.6
2442697.3	9.5
2442703.3	9.1
2442708.3	9.0
2442720.4	9.0
2442723.2	9.0
2442737.2	9.6
2442738.2	9.8
2442745.2	9.9
2442750.2	10.2
2442751.2	10.3
2442754.2	10.4
2442758.2	10.7
2442763.2	10.8
2442768.2	11.2
2442776.2	11.7
2442787.2	12.0
2442798.2	12.2
2442801.7	12.2
2442807.7	12.2
2442811.7	12.3
2442834.7	12.2
2442839.7	11.9
2442853.6	10.6
2442856.6	10.4
2442861.6	10.3
2442868.6	9.9
2442874.4	9.8
2442884.6	9.0
2442886.5	9.1
2442895.5	8.7
2442899.5	8.5
2442913.5	8.6
2442915.5	8.6
2442637.5	12.1
2442987.5	11.8
2442995.5	12.1
2442998.5	12.2
2443007.5	12.5
2443013.5	12.5
2443018.4	12.4
2443023.4	12.5
2443032.5	12.1
2443038.5	12.0
2443042.4	11.4
2443044.3	11.2
2443048.4	10.6
2443059.4	10.4
2443060.3	10.1
2443078.3	9.1
2443088.5	8.9
2443095.2	9.1
2443100.2	9.1
2443104.2	9.1
2443107.2	9.1
2443110.2	9.2
2443115.2	9.2
2443126.3	9.3
2443127.2	9.5
2443135.2	9.5
2443141.2	9.6
2443150.2	9.8
2443171.2	10.3
2443173.8	10.6
2443183.7	11.1
2443185.7	11.2
2443198.7	11.9
2443204.7	12.1
2443225.4	11.1
2443226.6	11.2
2443228.6	11.1
2443231.6	10.9
2443243.4	9.9
2443248.5	9.8
2443249.6	9.8
2443252.6	9.7
2443255.5	9.5
2443269.5	8.7
2443270.5	8.6
2443273.5	8.5
2443278.5	8.5
2443354.5	10.0
2443360.5	10.3
2443363.5	10.4
2443371.4	10.8
2443380.4	11.2
2443390.5	11.5
2443392.4	11.5
2443399.4	11.7
2443403.4	11.9
2443407.4	11.9
2443410.4	12.0
2443422.4	11.5
2443428.3	11.2
2443443.2	10.1
2443445.4	9.9
2443449.3	9.7
2443452.3	9.4
2443457.3	9.6
2443465.2	9.1
2443469.3	9.1
2443476.2	9.0
2443480.2	8.7
2443491.7	8.6
2443493.2	8.6
2443508.2	8.6
2443512.2	8.8
2443515.3	8.9
2443520.2	8.9
2443547.7	10.4
2443548.7	10.4
2443555.7	10.7
2443573.7	11.5
2443578.7	11.9
2443581.6	12.1
2443586.6	12.1
2443603.6	12.2
2443606.6	12.1
2443613.6	12.1
2443625.5	11.2
2443631.5	10.8
2443644.5	9.9
#Data source:http://mizar.voksenlia.net/Variable/Redukvis/W-lyr/02-76-82/
#JD    MAG
2443719.5	9.1
2443721.5	9.0
2443728.5	9.2
2443729.5	9.2
2443733.5	9.9
2443738.4	9.9
2443744.4	10.4
2443746.4	10.4
2443750.4	10.5
2443762.4	11.7
2443764.4	12.0
2443770.4	12.2
2443772.3	12.3
2443776.4	12.3
2443784.3	12.4
2443786.4	12.5
2443792.4	12.3
2443799.4	12.4
2443800.3	12.3
2443802.3	12.3
2443806.3	12.1
2443815.2	11.6
2443819.3	11.1
2443829.3	10.4
2443831.2	10.3
2443837.2	9.8
2443841.2	9.8
2443842.2	9.6
2443849.2	9.6
2443853.3	9.7
2443860.2	9.4
2443862.2	9.4
2443874.2	8.9
2443877.2	8.8
2443883.2	8.4
2443896.2	8.3
2443906.7	8.3
2443910.7	8.3
2443912.7	8.4
2443918.7	8.7
2443920.7	8.8
2443928.7	9.2
2443931.7	9.7
2443936.7	9.8
2443950.6	10.9
2443981.6	12.8
2443993.4	12.4
2443995.5	12.4
2443999.5	12.6
2444009.5	12.4
2444101.4	8.9
2444103.5	8.9
2444108.4	8.9
2444113.4	8.9
2444117.4	9.0
2444120.4	9.1
2444132.4	9.8
2444135.3	10.3
2444141.3	10.4
2444144.3	10.4
2444148.3	10.7
2444151.3	10.9
2444165.3	12.3
2444167.3	12.3
2444173.3	12.7
2444184.2	12.7
2444192.2	12.7
2444198.2	12.8
2444202.2	12.7
2444213.2	12.3
2444215.2	12.3
2444219.2	12.2
2444227.2	11.9
2444241.2	10.2
2444250.2	9.7
2444255.2	9.8
2444267.7	9.1
2444270.7	8.9
2444274.7	8.5
2444277.7	8.5
2444293.7	8.2
2444317.6	9.0
2444318.6	9.0
2444323.6	9.0
2444330.6	9.7
2444335.6	9.8
2444338.6	10.4
2444343.5	10.5
2444352.5	10.9
2444361.4	11.6
2444363.5	11.9
2444365.5	12.0
2444372.5	12.3
2444374.5	12.1
2444463.4	8.5
2444465.4	8.5
2444466.4	8.3
2444472.4	8.4
2444481.4	8.1
2444483.4	8.0
2444485.5	8.2
2444490.4	8.3
2444492.4	8.2
2444494.3	8.2
2444498.4	8.3
2444501.4	8.3
2444508.3	8.5
2444509.3	8.4
2444513.3	8.5
2444515.3	8.6
2444521.4	8.8
2444533.2	9.8
2444534.2	9.9
2444538.3	10.3
2444543.2	10.5
2444544.2	10.6
2444549.2	11.3
2444551.2	11.2
2444553.3	11.4
2444563.2	12.3
2444565.2	12.4
2444567.2	12.3
2444569.2	12.4
2444572.2	12.5
2444576.2	12.7
2444578.2	12.8
2444581.2	12.9
2444590.2	12.4
2444602.2	12.7
2444611.2	12.1
2444614.7	12.8
2444617.7	12.4
2444619.8	12.2
2444630.7	11.7
2444634.7	11.3
2444644.7	10.4
2444646.7	10.4
2444658.7	10.1
2444666.7	9.9
2444673.7	9.1
2444683.6	8.8
2444688.6	8.4
2444694.6	8.4
2444695.6	8.2
2444700.6	8.5
2444703.6	8.5
2444708.5	8.8
2444711.5	9.0
2444717.6	9.0
2444723.5	9.5
2444727.5	9.7
2444736.5	10.3
2444816.5	12.4
2444817.5	12.3
2444823.4	12.2
2444831.4	11.5
2444833.4	10.9
2444837.4	10.6
2444839.4	10.4
2444844.4	10.3
2444849.4	9.9
2444854.4	9.7
2444862.5	9.0
2444876.3	8.3
2444877.4	8.3
2444883.3	8.3
2444886.3	8.2
2444892.3	7.9
2444894.3	8.0
2444898.3	8.2
2444900.3	8.3
2444911.2	8.8
2444913.3	8.9
2444915.2	9.1
2444917.2	9.1
2444921.3	9.1
2444928.2	9.7
2444942.2	10.3
2444946.2	10.4
2444951.2	10.6
2444954.2	10.5
2444958.2	10.9
2444973.2	10.9
2444976.2	11.3
2444996.7	12.1
2445016.7	11.7
2445019.7	11.5
2445033.7	10.1
2445054.6	9.0
2445055.6	9.0
2445060.6	8.8
2445064.6	8.6
2445072.5	8.3
2445074.5	8.3
2445079.5	8.1
2445084.5	8.0
2445089.5	8.0
2445092.5	8.2
2445096.5	8.3
2445099.5	8.4
2445101.5	8.5
2445103.5	8.4
#Data source:http://mizar.voksenlia.net/Variable/Redukvis/W-lyr/03-82-89/
#JD    MAG
2445179.5	12.3
2445181.5	12.4
2445183.5	12.3
2445191.5	12.3
2445194.4	12.4
2445199.5	12.3
2445201.4	12.3
2445204.4	12.5
2445214.4	12.1
2445217.4	12.2
2445224.4	11.6
2445229.4	11.2
2445235.3	10.7
2445243.3	10.2
2445258.4	9.1
2445263.4	9.0
2445264.2	9.0
2445266.3	8.9
2445270.2	8.6
2445276.2	8.5
2445283.4	8.5
2445285.2	8.4
2445289.3	8.5
2445291.3	8.4
2445296.2	8.4
2445303.2	8.5
2445310.2	8.9
2445316.2	9.0
2445319.2	9.0
2445321.2	9.1
2445326.3	9.7
2445330.3	9.8
2445332.2	9.9
2445342.2	10.4
2445343.2	10.7
2445349.2	11.2
2445354.2	11.7
2445359.7	12.0
2445362.7	12.3
2445373.7	12.4
2445375.7	12.4
2445381.7	12.5
2445383.7	12.8
2445405.6	12.8
2445413.6	12.4
2445426.6	11.5
2445436.6	10.6
2445440.6	10.3
2445459.5	9.8
2445461.5	9.8
2445468.5	9.5
2445545.5	10.7
2445549.5	11.2
2445552.5	11.8
2445555.4	12.0
2445563.4	12.4
2445567.4	12.5
2445571.4	12.7
2445575.4	12.9
2445578.4	13.0
2445585.4	13.1
2445595.4	12.5
2445599.3	13.0
2445607.3	12.9
2445611.4	12.5
2445614.3	12.6
2445617.3	12.5
2445622.3	12.2
2445632.3	11.6
2445634.3	11.1
2445638.3	10.4
2445649.3	9.9
2445653.3	9.7
2445667.3	8.9
2445672.2	8.8
2445678.2	8.5
2445680.2	8.6
2445692.2	8.5
2445695.2	8.6
2445697.2	8.5
2445699.2	8.4
2445702.2	8.6
2445708.2	8.5
2445715.8	9.0
2445739.7	10.1
2445761.7	12.1
2445764.7	12.1
2445773.6	12.3
2445777.6	12.7
2445783.6	12.5
2445814.5	12.2
2445815.5	12.1
2445820.4	11.3
2445826.5	10.4
2445828.5	10.3
2445831.5	9.9
2445834.5	9.7
2445910.5	8.6
2445921.4	8.9
2445923.4	9.2
2445928.4	9.7
2445930.4	9.8
2445933.4	9.8
2445944.4	10.5
2445948.4	10.8
2445964.4	12.1
2445977.3	12.6
2445983.3	12.7
2445986.3	12.8
2445994.3	12.7
2445996.3	12.6
2446000.3	12.5
2446004.3	12.3
2446010.3	12.2
2446018.3	11.8
2446021.3	11.3
2446031.3	10.8
2446046.2	9.8
2446056.2	9.0
2446067.2	8.5
2446069.2	8.4
2446074.2	8.2
2446076.2	8.4
2446082.2	8.3
2446097.7	8.4
2446109.7	8.6
2446110.7	8.9
2446115.7	9.6
2446143.6	10.8
2446166.6	12.3
2446173.5	12.6
2446177.5	12.5
2446185.5	12.7
2446193.5	12.7
2446198.5	12.7
2446279.5	7.9
2446289.5	8.0
2446293.5	8.0
2446306.4	8.8
2446384.3	12.8
2446428.2	10.3
2446437.2	9.9
2446440.2	9.7
2446446.2	9.6
2446447.7	9.7
2446456.2	9.2
2446465.7	9.1
2446467.7	8.9
2446471.7	9.0
2446477.5	8.7
2446482.7	8.5
2446485.7	8.5
2446488.7	8.6
2446496.7	8.5
2446511.4	9.1
2446524.4	9.7
2446525.6	9.7
2446527.4	9.9
2446529.6	10.1
2446531.4	10.2
2446534.4	10.5
2446547.5	11.7
2446552.5	12.0
2446556.4	12.1
2446560.5	12.3
2446644.5	9.5
2446648.4	9.4
2446654.5	9.1
2446661.4	8.3
2446668.4	8.3
2446676.4	8.2
2446681.4	8.2
2446685.3	8.2
2446689.3	8.2
2446698.3	8.4
2446701.3	8.3
2446706.3	8.5
2446710.3	8.6
2446714.5	8.5
2446719.3	8.9
2446727.3	9.5
2446733.2	9.9
2446736.5	10.2
2446741.2	10.3
2446764.3	12.2
2446771.2	12.4
2446775.2	12.4
2446787.2	12.5
2446795.2	12.4
2446797.2	12.4
2446805.2	12.3
2446813.2	11.7
2446821.3	10.5
2446824.2	10.3
2446828.7	9.9
2446843.7	9.5
2446845.7	9.2
2446856.7	8.6
2446857.7	8.8
2446866.7	8.5
2446877.7	8.5
2446880.7	8.5
2446885.6	8.5
2446890.6	8.4
2446898.6	8.6
2446901.4	8.6
2446908.5	9.1
2446914.5	9.6
2446931.5	10.2
2447015.5	10.2
2447020.4	10.1
2447027.5	10.1
2447036.4	9.7
2447038.4	9.2
2447042.4	9.1
2447050.3	9.1
2447055.3	8.5
2447058.3	8.7
2447064.5	8.4
2447067.3	8.0
2447070.3	8.3
2447080.4	8.2
2447086.3	8.4
2447094.2	8.6
2447104.3	8.8
2447110.3	9.7
2447117.3	9.7
2447127.2	10.4
2447129.2	10.6
2447133.2	10.7
2447137.2	11.0
2447150.8	12.2
2447157.2	12.4
2447160.2	12.4
2447171.2	12.5
2447172.7	12.5
2447176.2	12.4
2447204.7	11.6
2447213.7	10.6
2447228.5	9.8
2447232.7	9.5
2447235.6	9.7
2447255.4	8.9
2447259.4	8.5
2447263.4	8.5
2447270.4	8.5
2447275.4	8.4
2447279.5	8.4
2447288.5	8.4
2447293.5	8.6
2447296.5	8.8
2447322.6	10.7
2447324.5	10.8
2447327.5	10.8
2447329.5	10.9
2447376.4	12.4
2447379.5	12.6
2447387.5	12.5
2447391.4	12.3
2447403.4	12.2
2447409.4	10.6
2447413.4	10.3
2447416.4	10.3
2447421.3	10.5
2447435.4	9.7
2447442.3	9.6
2447450.3	8.8
2447458.3	8.5
2447464.2	8.2
2447469.2	7.8
2447471.3	7.9
2447477.3	8.0
2447481.2	8.1
2447485.2	7.9
2447492.2	7.9
2447495.2	8.5
2447498.2	8.5
2447502.3	8.6
2447505.3	9.1
2447509.2	9.1
2447512.4	9.6
2447523.2	9.8
2447529.8	10.3
2447532.2	10.3
2447540.2	10.4
2447542.8	10.7
2447551.7	11.0
2447555.2	11.0
2447560.7	12.1
2447565.7	12.3
2447574.7	12.3
2447596.5	12.5
2447600.5	11.6
2447607.6	10.7
2447611.5	10.3
2447614.6	10.0
2447618.6	9.8
2447621.4	9.8
2447626.4	9.7
2447639.4	9.1
2447646.5	8.9
2447651.5	8.9
2447656.5	8.5
2447661.5	8.3
#Data source:http://mizar.voksenlia.net/Variable/Redukvis/W-lyr/04-89-97/
#JD    MAG
2447741.5	10.7
2447745.4	10.8
2447751.4	11.0
2447760.4	11.7
2447772.4	11.0
2447778.4	12.1
2447782.3	12.2
2447789.5	12.2
2447794.3	12.2
2447799.3	11.6
2447803.3	11.3
2447809.3	10.3
2447817.3	10.0
2447826.2	9.5
2447832.4	8.7
2447838.2	8.4
2447845.2	8.4
2447852.2	8.4
2447855.2	8.3
2447860.2	8.3
2447865.2	8.2
2447880.2	8.2
2447889.2	8.6
2447892.2	8.8
2447900.2	9.1
2447905.2	9.5
2447910.7	9.8
2447914.2	9.9
2447942.7	11.2
2447950.7	11.7
2447957.7	12.3
2447972.7	12.5
2447977.6	12.4
2447988.5	11.7
2448006.5	10.2
2448012.4	10.0
2448016.5	10.0
2448026.5	9.7
2448102.5	9.3
2448104.5	9.5
2448113.4	10.0
2448122.5	9.9
2448125.4	10.2
2448129.4	10.3
2448147.4	11.8
2448149.4	12.2
2448155.3	12.4
2448161.3	12.5
2448164.3	12.6
2448174.3	12.4
2448182.3	12.5
2448184.3	12.4
2448190.2	12.4
2448200.3	11.7
2448204.3	10.8
2448215.2	9.9
2448217.2	9.8
2448238.3	9.0
2448246.3	8.7
2448270.2	8.3
2448273.2	8.4
2448278.2	8.6
2448282.7	8.9
2448301.7	9.7
2448313.7	10.2
2448336.5	11.8
2448341.4	12.2
2448344.6	12.1
2448346.4	12.3
2448355.6	12.4
2448362.4	12.4
2448366.5	12.6
2448378.5	12.4
2448382.5	12.2
2448388.5	12.1
2448468.5	8.3
2448476.5	8.4
2448483.4	8.8
2448499.4	9.5
2448505.4	9.7
2448511.3	10.4
2448515.3	10.7
2448520.3	10.8
2448527.3	11.9
2448532.3	12.3
2448536.3	12.4
2448551.2	12.9
2448555.2	12.9
2448571.2	13.0
2448577.2	12.5
2448588.3	10.9
2448594.4	10.4
2448609.2	9.8
2448621.2	8.8
2448627.3	9.1
2448642.2	8.4
2448651.7	8.5
2448656.8	8.5
2448684.7	9.6
2448710.5	10.5
2448721.4	11.6
2448732.4	12.4
2448738.4	12.5
2448742.5	12.6
2448746.5	12.8
2448752.5	13.0
2448491.4	9.0
2448839.5	8.2
2448841.5	8.2
2448855.4	7.9
2448861.4	7.9
2448866.4	8.4
2448871.5	8.4
2448874.3	8.6
2448882.3	8.7
2448892.4	9.1
2448896.4	9.5
2448900.3	9.8
2448931.2	10.1
2448942.3	12.2
2448951.2	12.5
2448968.3	12.5
2448972.2	12.5
2448976.2	12.2
2448980.2	11.7
2448985.2	10.6
2448993.8	9.9
2448998.3	9.8
2449001.3	9.7
2449004.2	9.5
2449016.2	8.9
2449020.7	8.9
2449027.2	8.5
2449038.5	8.3
2449048.7	8.3
2449061.7	8.9
2449064.7	8.6
2449074.4	8.9
2449086.4	9.7
2449089.5	9.8
2449095.4	9.8
2449104.4	10.5
2449115.5	11.3
2449117.5	11.6
2449201.5	9.1
2449207.4	9.0
2449213.4	8.5
2449218.4	8.4
2449226.4	8.1
2449235.3	8.2
2449239.4	8.2
2449248.3	8.4
2449258.3	8.5
2449274.3	9.2
2449278.3	9.6
2449282.3	9.7
2449289.3	10.2
2449324.3	12.2
2449325.3	12.2
2449327.2	12.1
2449333.2	12.2
2449339.2	12.3
2449342.2	12.3
2449361.2	10.8
2449368.2	10.2
2449377.2	9.9
2449385.6	9.6
2449399.7	9.0
2449402.7	8.8
2449407.7	8.5
2449421.6	8.1
2449436.4	8.2
2449446.4	8.2
2449450.4	8.5
2449455.4	8.4
2449473.5	9.8
2449478.5	10.0
2449483.5	10.7
2449486.4	10.4
2449563.5	11.8
2449564.4	11.5
2449568.5	11.1
2449575.4	10.7
2449580.4	10.4
2449592.5	9.8
2449596.4	9.9
2449607.4	9.5
2449614.3	9.3
2449630.4	8.4
2449636.3	8.5
2449641.3	8.4
2449658.4	9.1
2449677.2	10.2
2449681.2	10.2
2449684.2	10.5
2449696.3	11.2
2449699.2	11.3
2449708.2	12.5
2449720.2	13.1
2449728.2	13.3
2449743.2	12.8
2449775.7	9.9
2449809.4	8.5
2449811.6	8.6
2449816.6	8.4
2449820.4	8.3
2449825.4	8.4
2449836.5	8.5
2449841.5	8.5
2449854.5	8.5
2449928.5	13.4
2449934.4	13.2
2449946.5	12.6
2449959.4	10.6
2449961.4	10.2
2449979.3	9.8
2449987.4	9.7
2449991.3	9.1
2449998.3	8.9
2450009.3	8.3
2450011.3	8.6
2450016.4	8.5
2450020.3	8.3
2450025.3	8.6
2450033.2	8.2
2450035.2	8.6
2450039.3	8.4
2450057.2	9.3
2450065.2	9.9
2450068.2	9.8
2450075.2	10.4
2450078.2	10.6
2450109.2	12.2
2450112.7	12.2
2450133.7	11.0
2450143.7	11.2
2450150.7	10.2
2450163.6	9.9
2450167.7	9.7
2450176.6	9.2
2450185.4	8.4
2450187.5	8.5
2450201.5	7.9
2450213.5	7.6
2450295.5	11.6
2450298.4	11.8
2450300.5	12.3
2450313.5	12.5
2450328.4	12.9
2450331.4	12.9
2450335.4	12.5
2450341.3	12.1
2450344.3	11.7
2450351.3	10.4
2450355.3	10.0
2450358.3	9.7
2450365.3	9.4
2450376.4	9.5
2450378.3	9.1
2450387.4	8.8
2450395.2	8.5
2450401.2	8.4
2450415.2	8.5
2450416.2	8.5
2450424.2	8.4
2450430.7	9.1
2450436.3	9.7
2450439.3	9.8
2450445.2	9.9
2450450.2	10.1
2450455.2	10.3
2450467.2	10.9
2450476.2	12.1
2450479.2	12.1
2450484.7	12.4
2450491.7	12.6
2450506.7	13.1
2450511.7	12.9
2450517.6	13.0
2450522.6	13.0
2450525.6	12.8
2450527.6	12.6
2450536.5	12.1
2450542.6	10.9
2450545.6	10.4
2450552.4	9.8
2450557.5	9.5
2450564.4	9.4
2450571.5	9.3
2450576.5	8.8
2450584.5	8.8
2450585.5	8.6
#Data source:http://mizar.voksenlia.net/Variable/Redukvis/W-lyr/05-97-03/
#JD    MAG
2451754.5	9.9
2451761.5	9.8
2451763.4	9.8
2451765.4	10.1
2451769.4	9.8
2451775.4	9.6
2451779.4	9.6
2451782.4	9.4
2451788.4	9.0
2451790.4	9.0
2451793.4	8.5
2451796.4	8.4
2451799.3	8.5
2451808.3	8.5
2451812.3	8.6
2451818.4	8.9
2451821.3	9.0
2451835.3	9.9
2451837.4	10.3
2451879.3	12.4
2451882.7	12.7
2451898.7	12.7
2451901.2	12.8
2451904.2	12.5
2451909.3	12.4
2451923.3	11.6
2451925.2	11.1
2451929.2	10.7
2451939.2	10.3
2451941.2	10.3
2451945.7	10.1
2451949.7	9.8
2451952.7	9.8
2451959.7	9.5
2451973.7	8.6
2451986.6	8.2
2451987.7	8.3
2451990.6	8.2
2451994.6	8.3
2452003.4	8.4
2452010.4	8.4
2452013.5	8.5
2452020.4	9.0
2452022.4	9.1
2452029.4	9.6
2452031.4	9.7
2452035.5	9.8
2452038.5	9.9
2452041.5	10.0
2452044.5	10.3
2452122.5	11.1
2452129.5	10.4
2452134.5	10.1
2452139.4	9.8
2452146.4	9.8
2452148.4	9.7
2452164.4	9.6
2452173.4	9.1
2452177.3	9.0
2452179.3	8.9
2452182.3	8.8
2452190.3	8.9
2452196.4	9.0
2452198.5	9.0
2452201.4	9.0
2452210.2	8.9
2452219.2	9.7
2452222.3	9.6
2452225.2	9.6
2452229.3	9.8
2452232.2	9.8
2452236.3	10.2
2452240.2	10.6
2452250.2	10.9
2452254.2	11.1
2452256.2	11.4
2452259.2	11.8
2452263.3	12.1
2452266.2	12.4
2452277.2	12.4
2452283.2	12.8
2452299.7	12.8
2452316.7	11.3
2452320.7	10.6
2452325.7	10.3
2452334.7	9.8
2452341.7	9.8
2452347.7	9.4
2452354.7	9.2
2452357.6	9.1
2452370.5	8.5
2452374.6	8.5
2452384.5	8.5
2452389.4	8.3
2452398.5	8.3
2452400.5	8.3
2452402.4	8.2
2452408.5	8.5
2452486.5	13.2
2452490.5	13.1
2452492.5	13.2
2452500.4	12.8
2452503.4	12.6
2452505.4	12.5
2452508.4	12.3
2452513.4	12.1
2452515.4	12.0
2452518.4	11.8
2452520.4	11.5
2452526.4	10.8
2452528.3	10.7
2452531.4	10.4
2452535.3	10.2
2452538.3	10.2
2452544.3	10.2
2452552.4	9.7
2452554.3	9.8
2452557.4	9.6
2452564.3	9.4
2452574.2	8.9
2452576.2	9.0
2452579.2	8.8
2452583.2	8.6
2452597.2	8.8
2452605.7	8.6
2452617.2	9.8
2452619.2	9.8
2452621.2	9.8
2452626.7	9.9
2452639.2	10.8
2452641.2	10.9
2452645.2	11.1
2452655.2	11.5
2452663.2	12.4
2452667.2	12.3
2452670.2	12.2
2452684.7	12.2
2452688.7	12.0
2452690.7	12.0
2452696.7	11.7
2452698.7	11.9
2452710.5	10.8
2452712.7	10.4
2452726.4	9.8
2452729.4	9.8
2452733.4	9.6
2452736.4	9.1
2452739.4	8.9
2452742.6	8.5
2452749.4	8.2
2452751.4	8.2
2452766.5	8.3
2452768.4	8.0
2452776.5	7.7
2450665.5	11.7
2450666.4	11.8
2450676.4	11.8
2450681.4	12.6
2450692.4	13.1
2450701.3	13.7
2450704.4	13.6
2450716.3	13.3
2450718.3	13.3
2450721.5	13.1
2450726.3	12.9
2450730.3	12.6
2450734.3	12.1
2450742.3	11.1
2450746.3	10.4
2450749.2	10.4
2450756.2	9.9
2450777.3	9.5
2450789.4	8.8
2450800.2	8.2
2450820.2	8.3
2450834.2	9.1
2450837.2	9.3
2450842.2	9.8
2450849.7	10.4
2450871.7	12.2
2450877.5	12.6
2450882.7	12.7
2450889.5	13.0
2450891.6	13.0
2450900.6	13.2
2450905.4	13.2
2450923.4	12.4
2450930.4	12.0
2450937.5	11.2
2450940.5	10.9
2450946.5	10.4
2450949.5	10.2
2451033.4	9.1
2451041.4	9.8
2451047.5	10.2
2451051.4	10.3
2451056.4	10.5
2451059.3	10.9
2451076.3	12.4
2451078.3	12.3
2451091.3	9.0
2451101.4	12.6
2451107.3	12.6
2451110.3	12.5
2451117.3	12.3
2451120.2	12.0
2451124.2	11.5
2451137.2	10.5
2451150.2	9.1
2451154.2	9.0
2451156.2	9.0
2451161.3	8.5
2451163.2	8.5
2451168.2	8.4
2451174.2	8.3
2451177.2	8.0
2451195.2	8.2
2451207.2	8.4
2451211.2	8.6
2451215.6	8.6
2451219.7	8.5
2451221.7	8.7
2451225.7	9.0
2451261.3	10.9
2451271.6	12.0
2451273.5	12.3
2451276.6	12.2
2451283.4	12.1
2451289.4	12.4
2451292.5	12.5
2451295.4	12.5
2451299.4	12.4
2451306.5	12.3
2451315.5	12.0
2451391.5	8.0
2451393.5	8.0
2451405.4	8.2
2451409.4	8.2
2451413.4	8.3
2451419.4	8.7
2451424.4	8.5
2451426.4	8.9
2451431.3	9.2
2451435.4	9.8
2451453.4	10.8
2451455.3	11.0
2451457.3	10.9
2451460.3	11.2
2451464.3	11.7
2451467.3	11.4
2451478.2	12.3
2451480.2	12.3
2451485.2	12.3
2451492.2	12.4
2451496.2	12.3
2451502.2	12.2
2451508.2	12.1
2451510.2	11.8
2451514.2	11.1
2451517.3	10.7
2451524.2	9.8
2451528.2	9.8
2451533.2	9.6
2451536.2	9.4
2451546.2	9.1
2451550.3	8.9
2451553.2	8.6
2451558.2	8.6
2451561.7	8.6
2451568.7	8.4
2451574.2	8.5
2451576.7	8.2
2451585.2	8.1
2451590.7	8.0
2451595.7	8.0
2451599.7	8.3
2451610.7	8.1
2451616.7	8.2
2451618.7	8.3
2451631.4	9.1
2451639.6	9.8
2451643.4	9.8
2451650.4	10.4
2451656.5	10.9
2451663.5	11.6
2451668.4	12.3
2451671.5	12.4
2451676.5	12.6
2451678.5	12.6
#Data source:http://mizar.voksenlia.net/Variable/Redukvis/W-lyr/06-03-08/
#JD    MAG
2452849.5	11.3
2452855.5	11.9
2452859.4	12.2
2452861.4	12.2
2452876.4	12.9
2452878.4	12.9
2452881.3	12.7
2452884.3	12.9
2452899.3	12.5
2452904.3	12.1
2452906.5	12.0
2452910.3	11.6
2452915.3	10.4
2452918.3	10.2
2452925.3	9.8
2452928.3	9.8
2452932.3	9.5
2452935.2	9.5
2452938.3	9.1
2452947.5	8.8
2452961.2	8.4
2452963.3	8.3
2452967.3	8.3
2452978.3	8.2
2452985.3	8.3
2452989.3	8.2
2452993.2	8.5
2452995.7	8.8
2452999.3	8.8
2453003.2	9.1
2453021.2	10.5
2453023.8	10.4
2453025.7	10.9
2453039.7	12.0
2453045.7	12.3
2453051.7	12.6
2453053.7	12.6
2453058.7	13.1
2453061.7	13.0
2453067.7	13.1
2453075.4	12.9
2453090.4	13.3
2453092.6	13.0
2453095.6	13.0
2453097.6	12.9
2453105.4	12.2
2453127.4	10.3
2453128.5	10.1
2453133.5	9.9
2453138.5	9.8
2453141.5	10.0
2453148.4	9.8
2453149.4	9.9
2453153.4	9.8
2453155.4	9.8
2453158.4	9.6
2453225.5	10.8
2453227.4	11.0
2453231.4	11.1
2453239.4	12.3
2453250.4	13.0
2453252.4	12.9
2453255.4	13.0
2453258.4	13.2
2453266.4	13.2
2453272.4	13.2
2453276.3	13.1
2453287.3	13.1
2453289.3	12.8
2453297.4	12.1
2453300.3	12.0
2453305.2	11.5
2453311.2	10.8
2453315.2	10.5
2453318.2	10.8
2453322.2	10.7
2453325.2	10.6
2453328.2	10.4
2453331.2	10.3
2453345.2	9.9
2453347.2	9.8
2453353.2	9.6
2453355.2	9.7
2453359.7	9.0
2453362.2	8.8
2453370.2	8.5
2453376.7	8.1
2453381.7	8.1
2453384.7	8.3
2453392.7	8.3
2453401.7	8.6
2453404.2	8.6
2453425.7	10.4
2453438.7	12.0
2453439.7	12.1
2453448.6	12.4
2453450.6	12.8
2453452.6	12.9
2453460.6	12.9
2453463.6	13.5
2453466.6	13.3
2453471.5	13.2
2453473.6	13.1
2453480.6	12.9
2453487.4	12.4
2453495.5	12.1
2453501.5	11.7
2453505.5	11.2
2453580.5	8.3
2453584.5	8.3
2453591.4	8.7
2453599.4	8.3
2453602.4	9.1
2453609.5	9.6
2453612.4	9.9
2453616.4	9.9
2453622.4	10.4
2453626.3	10.5
2453629.4	10.5
2453634.3	10.9
2453638.3	11.3
2453643.5	11.4
2453648.4	11.8
2453659.3	12.3
2453668.3	12.6
2453685.2	12.2
2453692.2	11.6
2453703.2	10.1
2453705.2	9.9
2453716.8	9.0
2453720.2	9.0
2453722.2	8.9
2453725.2	9.0
2453738.2	8.5
2453739.7	8.3
2453747.3	8.2
2453760.7	7.8
2453763.7	7.7
2453767.7	7.6
2453786.7	8.5
2453801.7	9.8
2453804.7	9.6
2453808.7	9.9
2453810.7	10.2
2453817.6	10.4
2453826.6	11.4
2453835.5	12.1
2453840.5	12.3
2453842.4	12.4
2453847.5	12.9
2453853.4	12.7
2453861.5	12.6
2453866.5	12.6
2453869.5	12.4
2453945.5	8.1
2453951.5	8.2
2453954.4	8.1
2453963.4	8.0
2453966.5	8.3
2453973.4	8.6
2453977.4	8.2
2453979.4	8.3
2453982.4	8.5
2453989.3	9.2
2453993.3	9.6
2454010.3	10.6
2454014.3	11.0
2454017.3	11.2
2454033.3	12.4
2454034.2	12.4
2454041.2	12.8
2454046.2	12.9
2454049.2	12.9
2454052.2	13.2
2454057.2	13.1
2454079.2	12.8
2454084.2	12.3
2454087.2	12.3
2454090.2	12.2
2454096.6	11.6
2454105.7	10.5
2454112.8	10.3
2454114.7	10.0
2454116.6	10.0
2454119.8	9.9
2454126.7	9.6
2454134.7	9.3
2454150.7	8.3
2454168.5	8.2
2454172.5	8.3
2454175.6	8.4
2454178.5	8.5
2454186.6	8.4
2454191.6	8.5
2454193.6	8.7
2454196.5	8.5
2454201.4	9.0
2454204.4	9.2
2454206.4	9.5
2454207.6	9.6
2454211.4	9.7
2454217.4	10.2
2454221.4	10.4
2454225.5	10.5
2454231.5	11.5
2454236.5	12.1
2454310.5	10.0
2454320.5	9.2
2454322.5	9.5
2454326.5	9.1
2454329.4	9.0
2454331.4	8.8
2454336.4	8.8
2454340.4	8.5
2454344.4	8.6
2454346.4	8.4
2454349.4	8.5
2454352.4	8.7
2454355.4	8.5
2454356.4	8.6
2454359.3	8.5
2454362.4	8.5
2454366.3	8.5
2454371.3	8.7
2454376.3	8.5
2454378.3	8.7
2454381.3	8.7
2454384.3	8.8
2454390.3	8.8
2454397.2	9.1
2454403.2	9.3
2454408.3	9.7
2454411.3	9.8
2454414.2	9.8
2454422.2	10.1
2454428.2	10.4
2454431.2	10.4
2454446.2	12.1
2454449.2	12.3
2454452.2	12.3
2454465.2	12.5
2454478.7	12.0
2454487.8	11.3
2454493.8	10.6
2454509.7	9.7
2454521.7	9.0
2454527.7	8.5
2454529.7	8.7
2454540.6	8.1
2454543.7	8.2
2454545.5	8.0
2454547.6	8.0
2454552.6	7.8
2454555.6	8.1
2454561.4	8.0
2454578.6	8.5
2454579.5	8.5
2454581.4	8.9
2454592.5	9.7
2454594.4	9.7
2454596.5	9.9
2454599.5	10.1
